# relative_time, cycles_done, cur_path, paths_total, pending_total, pending_favs, map_size, unique_crashes, unique_hangs, max_depth, execs_per_sec, total_execs, edges_found
61, 58, 7, 9, 0, 0, 11.76%, 0, 0, 1, 12555.13, 756511, 2
66, 63, 7, 9, 0, 0, 11.76%, 0, 0, 1, 12091.88, 814751, 2
71, 68, 7, 9, 0, 0, 11.76%, 0, 0, 1, 12666.30, 880564, 2
76, 73, 7, 9, 0, 0, 11.76%, 0, 0, 1, 12754.49, 946621, 2
81, 77, 7, 9, 0, 0, 11.76%, 0, 0, 1, 11280.20, 1004826, 2
87, 82, 7, 9, 0, 0, 11.76%, 0, 0, 1, 11584.04, 1064531, 2
92, 87, 7, 9, 0, 0, 11.76%, 0, 0, 1, 12425.18, 1128977, 2
97, 92, 7, 9, 0, 0, 11.76%, 0, 0, 1, 12552.11, 1194035, 2
102, 97, 7, 9, 0, 0, 11.76%, 0, 0, 1, 12249.20, 1256128, 2
107, 101, 7, 9, 0, 0, 11.76%, 0, 0, 1, 12237.92, 1316724, 2
112, 106, 7, 9, 0, 0, 11.76%, 0, 0, 1, 12546.26, 1381861, 2
113, 107, 7, 9, 0, 0, 11.76%, 0, 0, 1, 12574.16, 1389110, 2
